Node Coverage:

TR = {0, 1, 2, 3, 4, 5, 6, 7, 8, 9, 10}
Test Paths = [0, 1, 2, 3, 7, 9, 10]
			 [0, 2, 4, 7, 8, 10]
			 [0, 2, 5, 6, 7, 8, 10]


Edge Coverage:

TR = {[0,1],[0,2],[1,2],
	  [2,3],[2,4],[2,5],
	  [2,6],[3,7],[4,7],
	  [5,6],[6,7],[7,9],
	  [7,8],[9,10],[8,10]}


Edge Pair Coverage:

TR = {[0,1,2],[0,2,3],[1,2,3],
	  [1,2,4],[1,2,5],[1,2,6],
	  [2,3,7],[2,4,7],[2,5,6],
	  [2,6,7],[3,7,9],[3,7,8],
	  [4,7,9],[4,7,8],[5,6,7],
	  [6,7,9],[6,7,8],[7,9,10],[
	  7,8,10]}


Prime Path Coverage

TR = {[0,1,2,5,6,7,8,10],
	  [0,1,2,5,6,7,9,10],
	  [0,1,2,4,7,8,10],
	  [0,1,2,4,7,9,10],
	  [0,1,2,3,7,8,10],
	  [0,1,2,3,7,8,10]}